-2146435552
-2144967117
-2144099635
-2143616584
-2143219328
-2143007437
-2142102082
-2139513638
-2136920919
-2136139412
-2134647356
-2132907489
-2132575996
-2130753253
-2129617037
-2129001521
-2127099037
-2126297360
-2123867140
-2123541070
-2123177550
-2122134853
-2121880107
-2121408101
-2120117780
-2119757591
-2117858712
-2117629629
-2115883769
-2114312991
-2112601631
-2112532493
-2111010999
-2110703303
-2110523696
-2109729234
-2109481271
-2108439293
-2108280445
-2107501838
-2107256029
-2107210025
-2107107667
-2106139101
-2104809458
-2104278619
-2104172512
-2103693163
-2102718096
-2099986914
-2099603837
-2099526117
-2098866457
-2098651326
-2098413177
-2095383957
-2092996522
-2092724908
-2091975318
-2091198219
-2090822538
-2089360369
-2089223230
-2088203434
-2087149215
-2087138933
-2087122286
-2086874263
-2086428233
-2086120694
-2086058217
-2084676900
-2081346460
-2081276449
-2080770831
-2079780254
-2079141527
-2076202632
-2075559702
-2074672160
-2072490391
-2072061664
-2071361525
-2070864232
-2068854827
-2068280498
-2067470758
-2067020052
-2066120792
-2065625663
-2065243352
-2064622707
-2063537517
-2062973300
-2062529665
-2061254163
-2059374075
-2059099008
-2058106205
-2057678889
-2057234267
-2055885873
-2054514765
-2054193766
-2053010004
-2051192086
-2050909592
-2050427369
-2049793745
-2049720908
-2049026061
-2047691328
-2046499243
-2044625403
-2044299345
-2044175051
-2044102089
-2043168096
-2042686142
-2041127119
-2040968004
-2040091275
-2039711998
-2037164407
-2036975900
-2035408711
-2035024096
-2034893209
-2033595680
-2033490108
-2033313628
-2031469801
-2031461932
-2031131997
-2031026934
-2030371323
-2030095286
-2028047342
-2027673571
-2027650566
-2026909414
-2026651564
-2024286921
-2023890610
-2018886417
-2018340409
-2017898062
-2016297973
-2016130623
-2016107338
-2015829172
-2013138078
-2011769786
-2011607397
-2010801178
-2010266355
-2006373918
-2006160610
-2004059182
-2003029009
-2002336607
-2001868859
-2001206724
-2000220150
-1998454541
-1998402196
-1997924457
-1996197326
-1996179165
-1994739483
-1993998138
-1992070532
-1991170603
-1990625299
-1989168438
-1988091887
-1986986402
-1986076314
-1984429678
-1982714910
-1982457450
-1981079007
-1980563345
-1980410437
-1979371817
-1977069500
-1976712419
-1976442145
-1976321529
-1976240929
-1974062832
-1972657275
-1971907449
-1966927847
-1964858596
-1963862909
-1962940345
-1962057159
-1961624120
-1960579957
-1959988550
-1957713518
-1957072360
-1956189859
-1955444371
-1954790214
-1953811284
-1953527451
-1950948577
-1949714605
-1949132748
-1948928672
-1946828630
-1946597134
-1945205778
-1945168245
-1942280345
-1942102809
-1941705817
-1941461210
-1941290129
-1941023102
-1940857150
-1939780058
-1938728657
-1938610072
-1938292646
-1937043670
-1935051533
-1934016920
-1932391999
-1932282251
-1932158331
-1931903715
-1930886698
-1925511474
-1925353907
-1924609302
-1923451738
-1923398876
-1923040188
-1919364537
-1918488517
-1918330947
-1918127179
-1916160589
-1915350808
-1915228194
-1914919722
-1914886394
-1914818498
-1913651449
-1913190882
-1912737508
-1910403155
-1910023337
-1909819133
-1909506852
-1909073473
-1909052006
-1908692203
-1907900893
-1907512157
-1906081446
-1905718462
-1905580478
-1905463705
-1905328933
-1905066647
-1904618765
-1904217125
-1903446490
-1903427605
-1903099039
-1902501411
-1900330195
-1899977296
-1896872310
-1895186653
-1893851483
-1893836956
-1893271200
-1892620537
-1892226239
-1890843286
-1890810748
-1890384943
-1888926522
-1888535165
-1887480711
-1887179018
-1887042940
-1886871396
-1886737221
-1885078783
-1884857289
-1883904427
-1883501024
-1883411873
-1882550312
-1881460131
-1879272252
-1878303407
-1877532339
-1877261417
-1876355357
-1875748267
-1874621862
-1872327628
-1871743073
-1869998638
-1869687801
-1869498068
-1868773522
-1868502178
-1867752303
-1867060489
-1866874155
-1865776887
-1865657671
-1863094023
-1861411357
-1860454921
-1860440696
-1859352466
-1858502343
-1856360377
-1855505558
-1852747658
-1852635096
-1852474256
-1851257426
-1850179946
-1849995473
-1849992847
-1849641998
-1848810006
-1847429552
-1844906555
-1844880494
-1844410454
-1843561548
-1842672921
-1841685059
-1840948225
-1840628701
-1840154553
-1839903575
-1839835967
-1838998297
-1837457269
-1836811540
-1836467223
-1836446413
-1836321195
-1835840817
-1835808046
-1834932291
-1834754190
-1831125369
-1827642481
-1827502932
-1826631063
-1826616650
-1826025479
-1825808464
-1825047735
-1824030125
-1822984875
-1820324639
-1820301028
-1819529132
-1818931485
-1818530847
-1817666000
-1817270663
-1815616106
-1814922057
-1814880962
-1814782529
-1814071856
-1814014795
-1812198543
-1811939890
-1810817779
-1809209729
-1808168416
-1807211804
-1806849783
-1805878164
-1805378485
-1804956035
-1804945272
-1804578448
-1801587374
-1801581467
-1801474367
-1800728243
-1800649169
-1800434015
-1799315097
-1798826248
-1797980972
-1796420663
-1796143235
-1795054940
-1792841464
-1792207655
-1792097845
-1791818535
-1791701079
-1790232778
-1789195961
-1788602259
-1788015541
-1787994864
-1786925487
-1786503809
-1786428650
-1786020656
-1785391680
-1785152274
-1784186374
-1784068713
-1781197115
-1779786894
-1778899047
-1778868650
-1777617315
-1776392507
-1774734014
-1774380760
-1774377368
-1773532974
-1773154153
-1772440217
-1771577292
-1771434911
-1770741631
-1770693735
-1769627450
-1769172810
-1768468673
-1768397139
-1767637736
-1766898148
-1766525684
-1766302948
-1765047870
-1764981008
-1764617579
-1763630341
-1763190260
-1762380228
-1760415589
-1759903680
-1759262234
-1758782229
-1758772951
-1758741544
-1757333273
-1756862821
-1756141085
-1754811962
-1754371773
-1753958503
-1752599734
-1752505654
-1751890558
-1751746336
-1750500200
-1748685358
-1747003406
-1745871988
-1744615890
-1744380621
-1744019102
-1743861512
-1742160538
-1741853911
-1741667179
-1741127098
-1739906027
-1739077202
-1738044240
-1736883030
-1736525025
-1736351818
-1735753398
-1734699987
-1733389641
-1732823676
-1731585946
-1729701284
-1728758761
-1728630489
-1728474653
-1727749128
-1726811058
-1726673956
-1726255561
-1724840554
-1723760380
-1723479054
-1723351656
-1722916279
-1721293294
-1720557596
-1720466647
-1719907717
-1719624329
-1718891700
-1717951945
-1716738269
-1716125948
-1715482404
-1713907792
-1713738416
-1712922039
-1709659389
-1708507892
-1708025522
-1707708816
-1705770348
-1705251382
-1703898854
-1702608267
-1702078331
-1700331431
-1699360561
-1699223881
-1698199297
-1697565635
-1697130947
-1697080853
-1696200976
-1695539538
-1693774875
-1693002166
-1692979655
-1692513776
-1691895955
-1691467510
-1691043946
-1690834887
-1690341392
-1689100042
-1688643834
-1688489337
-1688102791
-1687962392
-1687363149
-1687147172
-1686198543
-1686151234
-1685272966
-1684671334
-1684648590
-1684264483
-1682220424
-1681866317
-1681528310
-1681289867
-1679766318
-1679466184
-1678470081
-1676598286
-1676331259
-1675944311
-1672899844
-1672725278
-1672298179
-1671117711
-1669896142
-1669735839
-1669382282
-1668357756
-1668075767
-1667607920
-1667453424
-1667109069
-1666491486
-1666378831
-1666289810
-1665659475
-1665350803
-1664806095
-1664774864
-1664655850
-1664022782
-1664020042
-1663885507
-1661364140
-1658837340
-1658498688
-1658482371
-1658470076
-1658219661
-1657046008
-1656036318
-1656013879
-1654108615
-1654072884
-1653331531
-1652113059
-1652052962
-1650305731
-1649720444
-1649407320
-1648418772
-1647969849
-1647500198
-1646133780
-1643933408
-1643680459
-1643542469
-1643419161
-1641881021
-1641633034
-1641136797
-1640878105
-1640254515
-1638558572
-1637933284
-1637080939
-1635384717
-1634971281
-1633625792
-1633186391
-1632415569
-1632369994
-1632193527
-1632079923
-1631473447
-1631353912
-1631010696
-1627155110
-1626522750
-1626059681
-1625647570
-1624937634
-1624844358
-1624586090
-1621988024
-1620133655
-1618700840
-1618328277
-1617589330
-1617056153
-1616472927
-1615998725
-1615386827
-1613983799
-1613965432
-1612150757
-1611735138
-1610245497
-1610054612
-1609827023
-1609662419
-1608906208
-1607424423
-1605978272
-1605782519
-1604913099
-1604596188
-1604486659
-1602977249
-1602476563
-1601524226
-1601162383
-1600538894
-1600087304
-1599987355
-1599235703
-1598597782
-1598278130
-1597997186
-1597947345
-1597665686
-1597454446
-1597265898
-1596148587
-1595740919
-1595616005
-1595543671
-1595366800
-1593449598
-1592545072
-1591203486
-1590971620
-1589261364
-1588681366
-1588427873
-1587247910
-1586830680
-1586807849
-1584639728
-1584570757
-1584156451
-1583896032
-1582278121
-1581734013
-1581330501
-1580913227
-1579449984
-1576254191
-1576215121
-1575924807
-1575462524
-1575270858
-1574916731
-1574052259
-1573609875
-1573359259
-1572843079
-1572834796
-1572339779
-1570939096
-1569500944
-1569487219
-1568275007
-1566930631
-1566750502
-1565838579
-1565505732
-1565115984
-1563905502
-1563119919
-1560574181
-1560545793
-1560225960
-1557529556
-1555591477
-1555573588
-1554728187
-1553993294
-1552972630
-1552355563
-1551354969
-1549202348
-1548903212
-1548215044
-1547292085
-1545976134
-1545194679
-1545180013
-1543804046
-1543615766
-1543272782
-1542125511
-1541646509
-1541318628
-1541218417
-1540867989
-1539032766
-1536325870
-1534873270
-1532886587
-1530526256
-1529279560
-1528825678
-1528548160
-1526805740
-1525640194
-1525059981
-1524499219
-1523606768
-1522734497
-1521166942
-1519446631
-1519437428
-1519364004
-1518962185
-1518592379
-1518553828
-1518211462
-1517402509
-1516869135
-1515144656
-1513832716
-1513204551
-1512415408
-1511761374
-1511391444
-1508553142
-1508402342
-1508086815
-1507387531
-1503882586
-1503168821
-1503022902
-1501077274
-1500872088
-1499909495
-1499166828
-1497894866
-1497720559
-1496335931
-1495778916
-1494727271
-1494353181
-1494198446
-1493489294
-1492054053
-1491689864
-1490831796
-1488745762
-1487177868
-1486506692
-1485410242
-1484597533
-1484421541
-1482584826
-1482429028
-1482252461
-1481542749
-1481151958
-1480833302
-1480796199
-1480678001
-1480153378
-1478518205
-1477914343
-1476148816
-1474350125
-1474169727
-1470872162
-1470284528
-1469540671
-1467324872
-1466766875
-1466427708
-1466068616
-1465744764
-1465433773
-1465057357
-1464913722
-1464690712
-1464505160
-1463327145
-1463229488
-1462535655
-1462212297
-1460945069
-1460164086
-1459759316
-1456969462
-1456388657
-1456207424
-1455065295
-1452637252
-1452436434
-1451322936
-1449855442
-1448749294
-1448568776
-1448543406
-1447346653
-1446792031
-1445177040
-1444926990
-1444801715
-1443320137
-1442562423
-1440721559
-1440166177
-1439913732
-1437836886
-1435285620
-1435070434
-1434929923
-1432752816
-1430152057
-1429817583
-1428121416
-1427465642
-1426822963
-1425340346
-1424943057
-1424218641
-1424214531
-1424159618
-1423295981
-1421273082
-1421144259
-1420667515
-1419354303
-1416907578
-1412948976
-1411842863
-1410051712
-1409463458
-1409445118
-1409057268
-1409021925
-1407155807
-1406777552
-1406706632
-1406220196
-1405446860
-1405154135
-1404023551
-1403902743
-1401776766
-1401109308
-1397182937
-1396455121
-1396367872
-1396307955
-1396146151
-1395726367
-1393567064
-1392272714
-1388735485
-1388348430
-1387253567
-1385921237
-1385902418
-1385460581
-1385103670
-1383767215
-1382881951
-1382183442
-1379725233
-1379224473
-1378966453
-1378724893
-1377377835
-1375874801
-1375125661
-1373522893
-1372528948
-1371059711
-1370891183
-1370832016
-1369856878
-1366501972
-1365642537
-1362645872
-1362372390
-1362205950
-1361813430
-1358792959
-1358648638
-1358543447
-1358269141
-1358218185
-1356565535
-1356287338
-1355918153
-1354977291
-1353907642
-1353328938
-1352490745
-1352461447
-1351654952
-1351024483
-1349314473
-1341234440
-1340229875
-1340166771
-1338584783
-1335026664
-1334594674
-1332864644
-1328215269
-1327307661
-1324883512
-1324154434
-1323799518
-1321278880
-1319512859
-1318674232
-1318492839
-1317010780
-1316294557
-1315759973
-1313548317
-1313159327
-1312998949
-1312669084
-1311826039
-1311488569
-1310117939
-1309258607
-1308786928
-1308422959
-1308046073
-1307419765
-1307168058
-1306584461
-1305535908
-1305424667
-1304885436
-1302450462
-1302216992
-1301370615
-1301132512
-1301021443
-1300537478
-1300358413
-1300194050
-1299994481
-1299641037
-1299271618
-1297106957
-1296732097
-1295819144
-1294198782
-1294091994
-1293203695
-1291975958
-1291317868
-1290996300
-1289305913
-1289090404
-1289074313
-1287570292
-1286379526
-1285120429
-1284630674
-1282952854
-1280219505
-1279863817
-1277994777
-1275676208
-1274423610
-1273763146
-1273065061
-1272271085
-1269110965
-1268149588
-1262358031
-1258583825
-1258073637
-1258046762
-1257145608
-1256532472
-1255432699
-1255063790
-1254786369
-1254145254
-1252071321
-1251815890
-1251797876
-1251694215
-1251081881
-1250254976
-1249011763
-1248722859
-1248645377
-1247969758
-1247739850
-1247654625
-1246937402
-1246684573
-1245676741
-1244578637
-1244241520
-1243322823
-1243018462
-1242698142
-1239553556
-1237693530
-1236642107
-1236196330
-1235384992
-1235164079
-1233349461
-1231849926
-1231716698
-1231103179
-1231010874
-1230269895
-1228761967
-1225400934
-1225273366
-1223565318
-1223411795
-1222848821
-1222513287
-1221735058
-1221657071
-1221178910
-1219544733
-1218567128
-1217963189
-1216809784
-1216417056
-1215968064
-1214302995
-1214146322
-1213813243
-1212410397
-1212313341
-1211943718
-1211074053
-1211018599
-1208674324
-1206315908
-1205910146
-1205793172
-1204932854
-1203437381
-1202798420
-1202238687
-1201514895
-1201423703
-1200563970
-1200448359
-1200143952
-1199935809
-1197996599
-1195871360
-1195476050
-1194342830
-1193935812
-1193443339
-1193215356
-1191555091
-1190058735
-1189456121
-1186257536
-1186031526
-1185316118
-1184096674
-1182246802
-1179361598
-1176764542
-1175257324
-1174823933
-1174726085
-1173759048
-1171968262
-1171675559
-1170964020
-1170132134
-1167668061
-1167425389
-1167072455
-1166663901
-1166372518
-1165924555
-1165630629
-1164522440
-1163307458
-1163011237
-1161739669
-1161522778
-1159793220
-1156507869
-1155838130
-1155209253
-1155106168
-1154217315
-1154135095
-1153226975
-1152823121
-1150925222
-1150769949
-1150400703
-1149442876
-1149388075
-1147000553
-1146959962
-1146815376
-1146783110
-1146503218
-1146272649
-1143845082
-1143289102
-1143242931
-1142010702
-1141571310
-1137589471
-1134157104
-1134027491
-1132771415
-1130960097
-1130853143
-1130469480
-1128452912
-1128266972
-1128144873
-1127898154
-1127674429
-1127245126
-1125520429
-1125245070
-1125013314
-1124994335
-1124186803
-1122948911
-1121290612
-1120798468
-1120627752
-1119377675
-1118901427
-1117214458
-1116526660
-1115126866
-1113551879
-1113535664
-1113194272
-1112798327
-1109426300
-1109190894
-1107080040
-1106470002
-1105618910
-1104442711
-1104145830
-1103609806
-1103583096
-1102967297
-1101549115
-1101168271
-1099121097
-1096902524
-1096670176
-1095158188
-1093962492
-1092963819
-1092119699
-1091376549
-1091235774
-1090438414
-1090047524
-1089306705
-1088583748
-1088419824
-1087799000
-1085056969
-1083881342
-1083607757
-1083460350
-1083392535
-1083262163
-1083059991
-1080477038
-1079736081
-1078630101
-1077642333
-1077472859
-1077353793
-1074857342
-1074827225
-1074703267
-1073000435
-1072739095
-1069396717
-1066828428
-1064798189
-1064157530
-1063335027
-1062548620
-1058504557
-1056983816
-1055674035
-1055625305
-1055388911
-1055107002
-1054899340
-1054578526
-1053979437
-1053973125
-1050549775
-1049055724
-1047401093
-1044315803
-1043797158
-1041058106
-1040423194
-1038319144
-1036668873
-1036327509
-1035686092
-1034805795
-1033082354
-1032885174
-1032796663
-1032795575
-1031125421
-1030891927
-1030639536
-1030081597
-1030008370
-1028215552
-1026223281
-1025299915
-1025093796
-1022590267
-1021512493
-1021380083
-1021251384
-1021183858
-1020726361
-1020493593
-1018611729
-1018084054
-1016984286
-1016823081
-1016522027
-1015282331
-1014665437
-1013581106
-1013516976
-1012564704
-1011257394
-1011139344
-1010649793
-1008996337
-1008555375
-1008250480
-1007584165
-1007458909
-1004700336
-1002855665
-1002289603
-1001370525
-1001109401
-1000344528
-1000093437
-999128269
-999066335
-997934309
-997716329
-997223367
-994575652
-994329158
-993643567
-992378742
-991882166
-991295481
-991103989
-991080781
-989870011
-989656681
-989573845
-989327165
-986714501
-986502817
-985843882
-984669557
-984536717
-984390909
-982613645
-982438338
-981924062
-981875076
-980272473
-979534700
-978777140
-978456243
-977420853
-977044220
-976258784
-975961524
-974379801
-973824426
-972902180
-972147610
-970568783
-969576381
-969205978
-968889015
-968471884
-967602127
-967489916
-966134655
-964943350
-963559529
-961224559
-960402613
-960009446
-959449679
-958917392
-958672048
-958477166
-957794966
-957432448
-956630770
-955737554
-954488007
-954056505
-952704007
-950845290
-950815173
-950401828
-948887513
-948294677
-947468134
-946940147
-944028715
-943473989
-941593623
-940940820
-939718873
-938769650
-937198102
-936532277
-935082101
-934858349
-933639886
-933197261
-933192022
-932660174
-932487218
-932279121
-931808397
-931144038
-930918126
-930621530
-929039036
-928745898
-928299758
-927466938
-927009977
-926582880
-926135851
-925381265
-924975520
-924964821
-922964782
-922298462
-920739868
-920543360
-918809649
-917305805
-916073048
-916026269
-915338739
-914395786
-912282786
-911743337
-911447209
-908534623
-908229666
-908222698
-908099460
-906778716
-906617367
-904488612
-903788065
-903588472
-903093950
-902513051
-901992093
-901057964
-898341585
-898011205
-896286310
-895379446
-895091325
-894508722
-893574229
-892912940
-892791545
-891879881
-891537060
-890423668
-890341448
-890041340
-888800651
-887832612
-887594456
-887430709
-886881604
-885925699
-885022473
-884991711
-884695945
-884044893
-883667123
-883343940
-883110837
-881278100
-881259091
-880845619
-879671684
-879461544
-877573958
-875845649
-875368590
-873670541
-873634982
-872966514
-869243250
-867152873
-865705725
-863842434
-863376021
-863288073
-863179035
-863173634
-863077939
-862313839
-861038623
-860596283
-860465174
-858829695
-857844627
-857545684
-857288523
-856873721
-856090264
-855961389
-854400223
-854370874
-853691142
-852443282
-851965848
-851862881
-851544521
-851500728
-851367974
-851354588
-851080272
-849679555
-848037821
-846522537
-845784946
-845225866
-844875241
-844476089
-844334409
-842344431
-842075356
-841602434
-840873040
-840267949
-839963854
-839390376
-838064654
-837958385
-837663104
-834775969
-834553924
-833070309
-832378496
-831858318
-831230472
-829624703
-829353136
-829210680
-828585710
-827537433
-827322831
-827217993
-826678688
-826602139
-825056659
-823082258
-822317498
-822100767
-821566742
-820871240
-820245730
-819386613
-819153564
-818701088
-817553601
-817550974
-816660894
-816403292
-815989396
-815918503
-815486927
-815329879
-813809892
-813694216
-813129443
-813060538
-811228181
-809371162
-809283696
-808250708
-808223216
-807744517
-805365485
-805158255
-801482600
-800150587
-799209239
-797307350
-797059651
-795630431
-794722821
-793483227
-792593189
-792023236
-790546661
-790213999
-789088447
-788827915
-788524955
-786531954
-785717446
-783411658
-782742696
-779616678
-777362491
-776891384
-775971448
-775729081
-775512301
-775398328
-775398246
-774945757
-774833168
-774518271
-774163742
-772837152
-770937015
-769492189
-769179998
-768707104
-768313665
-768017216
-767948624
-766803714
-766463579
-766411573
-765029559
-764949097
-764162142
-763906501
-763623838
-760269010
-758041541
-757656732
-757648195
-757600657
-755426593
-753018418
-751269673
-751219117
-750755024
-750668855
-749124067
-746367836
-745847623
-745652776
-743776547
-743134088
-742630727
-742259651
-742242976
-739585726
-738971443
-738256676
-737723274
-737563765
-736443447
-736315696
-736038940
-733702308
-733242731
-733038356
-731339252
-730969278
-730884355
-728275135
-727285594
-726176736
-726079088
-725771842
-723848412
-723385390
-722929467
-722486605
-721466844
-721215637
-719605902
-719408964
-717522097
-717381015
-716020241
-714119820
-713999680
-712643556
-710655739
-707431368
-707307140
-707106344
-706862708
-706549943
-705766397
-705380762
-705283727
-704533524
-702566565
-700106626
-700019212
-699811782
-699560338
-699259624
-696515668
-695499387
-694204341
-693620986
-692725741
-691659913
-691255539
-691001994
-690174341
-690088129
-688317616
-687898845
-687367607
-686477614
-686409022
-685662405
-685508804
-684606718
-683061720
-683033802
-682442511
-681990699
-681453374
-681152976
-679449309
-679375141
-679306228
-677027263
-676322294
-676257114
-676105832
-675058062
-673050501
-672979663
-672527287
-671565302
-671457697
-671322789
-670920941
-670808643
-669106276
-667520858
-667369200
-667263237
-666085866
-666021851
-663934812
-663270640
-661769525
-661200282
-661166687
-659525205
-658916698
-658884104
-658536177
-658341162
-658233771
-656414126
-656018039
-653950924
-653365893
-651374683
-650673357
-650188702
-649110391
-648285751
-647123332
-646761697
-645539265
-645182598
-645096267
-644682915
-643569756
-641860624
-640053939
-639734039
-639604497
-639572264
-638856645
-638673006
-638245725
-637906989
-637350747
-637172431
-634268663
-633729803
-632619731
-631785638
-631165531
-630996480
-630845921
-630772799
-628749909
-628700318
-628380687
-627369678
-625755179
-625439479
-625008157
-624791814
-624689667
-623791601
-623319012
-622798167
-622434793
-621577512
-621197483
-620745072
-620063405
-619941253
-618712742
-618070614
-617152902
-616098536
-615867723
-614932378
-614683375
-613230797
-611852355
-611427674
-610911111
-610268058
-609699531
-605942988
-605242606
-601818247
-600215543
-599746686
-599257122
-599006162
-593526451
-593342257
-592782170
-592633312
-591553526
-591547741
-591497814
-591325125
-590897020
-589103267
-587360944
-586344642
-585178642
-585049810
-584672667
-583815303
-583759349
-582284851
-581145293
-580422594
-579820978
-578733375
-578647937
-578602144
-576587337
-575293963
-573770817
-573670603
-573374091
-572357867
-571194082
-571004451
-570168295
-570131148
-569992379
-568843309
-568334475
-567878162
-567580267
-564416664
-564360359
-564145015
-561600516
-560023503
-558787585
-556402597
-553953495
-553804349
-551583522
-550203484
-550173538
-547397930
-546457051
-544903457
-544774604
-543804793
-543191657
-542881412
-541243404
-538906735
-538538681
-538151121
-538069959
-537528332
-537395801
-537195622
-536875877
-536862980
-534897479
-533268017
-531489865
-531048685
-530626299
-530564960
-530315006
-530163859
-529958024
-528216910
-527390140
-525144655
-524207445
-523495918
-523391615
-523309832
-521043450
-521027977
-520677628
-519945927
-519370307
-518896110
-518414154
-517147463
-517134218
-516335257
-515919405
-515213052
-513636044
-513462867
-513416369
-512591988
-512201974
-511945226
-511702689
-511574835
-511201280
-510840345
-509593973
-508632185
-506883327
-506278782
-506213278
-506051108
-505336958
-505184325
-504886903
-504427898
-503463731
-502480005
-502187736
-501355095
-501102582
-499839255
-498878123
-498632408
-496757266
-495343310
-493865707
-493711903
-492887054
-491934787
-491821731
-490882343
-489725730
-488510062
-484673359
-484408517
-484022657
-483748774
-482132707
-481807668
-481785149
-479790814
-477707353
-476285851
-475469680
-475261688
-471218820
-470488737
-470255512
-468367077
-467712902
-466537783
-463002953
-462009306
-461457567
-461062995
-461036742
-460578273
-460360548
-459096978
-457841030
-457711135
-456346466
-456039249
-454996633
-454016599
-453005278
-452695846
-451929874
-450418755
-449538844
-448744489
-444696520
-444600229
-444377044
-442718455
-442348542
-440232062
-440021226
-439743271
-436964458
-435602976
-435376467
-432134087
-431791845
-429323848
-427866714
-427283799
-427205946
-426869807
-424017109
-423486961
-422182750
-421526435
-421485508
-420857584
-420517553
-419555488
-419529254
-419490231
-418839973
-417669368
-417049448
-416846899
-416765984
-415952118
-415394138
-415329185
-415228146
-415097890
-414890387
-411335289
-411101353
-408263071
-408008694
-405998709
-405911699
-403436479
-402332544
-401333050
-401290666
-400897343
-399660800
-399534296
-398788612
-398579701
-397486285
-397201932
-396403035
-396356022
-394444222
-394397535
-394136581
-393527124
-393243426
-391670827
-390363657
-389510849
-389286192
-388956684
-388662745
-385213763
-384805662
-382729214
-380868762
-379677585
-378364584
-376760608
-374770986
-373100306
-371910938
-371728411
-371564322
-371206532
-370636501
-370635852
-370281232
-370099188
-368220545
-367702362
-366778171
-366749401
-366584457
-365938411
-365753368
-365185244
-364588323
-362487951
-360858287
-359461122
-358967364
-357572120
-356911804
-355200251
-354675736
-353541766
-351891672
-350590529
-349971710
-348035699
-347101230
-346618845
-346448067
-346305480
-346202741
-346138873
-345874960
-345736577
-343364700
-341576574
-341480860
-340935521
-340555396
-340545531
-339026429
-335992778
-333963820
-330635688
-326654325
-325451319
-324874062
-324594530
-324448546
-323836468
-322812807
-322734498
-320318287
-319597596
-319574141
-318903413
-317662333
-314313768
-313859756
-313227490
-313032787
-312184855
-312036767
-310303468
-309631830
-308010875
-307900906
-306790234
-306288034
-305523720
-305212753
-304702835
-303720133
-302789298
-297687298
-297552813
-297501325
-297380046
-297359531
-293884653
-293527711
-293204644
-292554841
-292281740
-292085852
-287389799
-286828031
-286623458
-285979054
-284798750
-284741918
-284414982
-283122639
-282181771
-279932509
-279637410
-279573336
-279400163
-276376206
-274288919
-273661905
-273625257
-273130533
-269624383
-268461349
-265409589
-263644712
-263368054
-262956033
-262859140
-262699336
-262090351
-260870323
-260447844
-260344743
-259805785
-258827118
-257986451
-257564176
-254614484
-254503693
-253981666
-253857003
-253855824
-253094934
-252944645
-250597140
-249288411
-248643434
-248237390
-248141318
-248123830
-246373753
-245040364
-244811472
-242838171
-242626414
-242236708
-242056618
-241582822
-240810984
-240469402
-240075486
-239176268
-236453380
-236312281
-235014113
-234724453
-233929266
-233195723
-232912143
-232754170
-232016085
-231842524
-231505637
-231483962
-228498993
-228463752
-227210988
-225878763
-225206539
-224055546
-223325978
-220636808
-220148920
-218452242
-218416408
-217638029
-216731377
-213193767
-209939544
-207321128
-204585586
-204351696
-202890687
-202672603
-202521649
-200361388
-199350137
-198291230
-196910495
-196128006
-195279119
-194381395
-193964561
-192951464
-192934965
-190559748
-190495321
-190427186
-190282706
-190120303
-190093336
-189636663
-188664532
-188097057
-187788488
-186831773
-183503508
-183421821
-183276889
-182033689
-179884596
-178653429
-176281570
-176121415
-175957583
-175701271
-175329593
-175212375
-174745509
-174700482
-174656739
-173834179
-172956720
-172123768
-170712814
-170560323
-170249735
-169968214
-169639954
-169551401
-168338206
-167531845
-167368514
-167280393
-167074410
-166491138
-166460829
-166455551
-164071079
-163483052
-161896242
-161766277
-159527827
-159324268
-158997154
-158432291
-157220782
-156975971
-156329886
-156149651
-155879801
-154749006
-153183706
-152234865
-151809897
-151282165
-151259778
-151238663
-148883260
-148601321
-145810883
-143486035
-143298887
-142458262
-142020563
-139343037
-139214293
-138330110
-136897064
-135159797
-132170561
-132029123
-131964778
-131051859
-131050057
-130723029
-130567680
-127250688
-127086235
-126220425
-125464463
-125393376
-122538911
-122206558
-122039072
-121037370
-120232579
-120182486
-119371515
-119230451
-118889518
-117975843
-117528092
-117289503
-117200068
-116175060
-116123297
-113711547
-113321585
-113147541
-112816906
-112316179
-111763248
-110988493
-110418355
-110345847
-108736001
-108095132
-107411024
-106847474
-105881563
-104893224
-104609972
-103216134
-102541411
-101650213
-98753285
-97547027
-94752383
-92271128
-91448539
-90548106
-85617851
-84955152
-84533863
-84352607
-80645778
-80529249
-80352006
-79784341
-78004027
-77025035
-76650251
-76161290
-76139926
-73205557
-73043484
-72930337
-72897389
-72704329
-69765483
-68541120
-67776017
-64696270
-64566570
-64114453
-64042767
-63600107
-62734071
-62327980
-62013689
-60569539
-59543633
-59492917
-59159641
-58809402
-57550657
-57271497
-56828596
-56564844
-55688206
-55523885
-55205285
-54293344
-54019988
-53136781
-52195250
-51804007
-51084643
-48685985
-48454659
-48190584
-47831368
-46879430
-46752625
-45375149
-44915202
-44654548
-41543852
-40960828
-39334117
-38544265
-38065460
-38044392
-37854554
-36662952
-35737250
-35672895
-34777191
-32880693
-32815293
-32736729
-31233406
-30341557
-29320535
-27155937
-26223842
-26161867
-25950456
-25644975
-24961878
-22470565
-21831547
-21830514
-21811949
-20702146
-19834230
-19689357
-19625605
-16402016
-15971552
-14860082
-11859695
-11148839
-10836150
-10345537
-10023781
-9256673
-8303418
-7204747
-6752792
-5821993
-3634636
-3061262
-2442009
-1242718
-50
-50
-50
-50
-50
-50
-50
-50
-50
-50
-50
-50
-50
-50
-50
-50
-50
-50
-50
-50
-50
-50
-50
-50
-50
-50
-50
-50
-50
-50
-50
-50
-50
-50
-50
-50
-49
-49
-49
-49
-49
-49
-49
-49
-49
-49
-49
-49
-49
-49
-49
-49
-49
-49
-49
-49
-49
-49
-49
-49
-49
-49
-49
-49
-49
-49
-49
-49
-49
-49
-49
-49
-49
-49
-49
-49
-49
-49
-49
-49
-49
-49
-49
-49
-49
-49
-49
-49
-49
-49
-48
-48
-48
-48
-48
-48
-48
-48
-48
-48
-48
-48
-48
-48
-48
-48
-48
-48
-48
-48
-48
-48
-48
-48
-48
-48
-48
-48
-48
-48
-48
-48
-48
-48
-48
-48
-48
-48
-48
-48
-48
-48
-48
-48
-48
-48
-48
-48
-48
-48
-48
-48
-48
-48
-47
-47
-47
-47
-47
-47
-47
-47
-47
-47
-47
-47
-47
-47
-47
-47
-47
-47
-47
-47
-47
-47
-47
-47
-47
-47
-47
-47
-47
-47
-47
-47
-47
-47
-47
-47
-47
-47
-47
-47
-47
-47
-47
-47
-47
-47
-47
-47
-47
-47
-47
-47
-47
-47
-47
-47
-46
-46
-46
-46
-46
-46
-46
-46
-46
-46
-46
-46
-46
-46
-46
-46
-46
-46
-46
-46
-46
-46
-46
-46
-46
-46
-46
-46
-46
-46
-46
-46
-46
-46
-46
-46
-46
-46
-46
-46
-46
-46
-46
-46
-46
-46
-46
-45
-45
-45
-45
-45
-45
-45
-45
-45
-45
-45
-45
-45
-45
-45
-45
-45
-45
-45
-45
-45
-45
-45
-45
-45
-45
-45
-45
-45
-45
-45
-45
-45
-45
-45
-45
-45
-45
-45
-45
-45
-45
-45
-45
-45
-45
-45
-45
-45
-45
-45
-45
-45
-45
-45
-44
-44
-44
-44
-44
-44
-44
-44
-44
-44
-44
-44
-44
-44
-44
-44
-44
-44
-44
-44
-44
-44
-44
-44
-44
-44
-44
-44
-44
-44
-44
-44
-44
-44
-44
-44
-44
-44
-44
-44
-44
-44
-44
-44
-44
-44
-44
-44
-44
-44
-44
-43
-43
-43
-43
-43
-43
-43
-43
-43
-43
-43
-43
-43
-43
-43
-43
-43
-43
-43
-43
-43
-43
-43
-43
-43
-43
-43
-43
-43
-43
-43
-43
-43
-43
-43
-43
-43
-43
-43
-43
-43
-43
-43
-43
-42
-42
-42
-42
-42
-42
-42
-42
-42
-42
-42
-42
-42
-42
-42
-42
-42
-42
-42
-42
-42
-42
-42
-42
-42
-42
-42
-42
-42
-42
-42
-42
-42
-42
-42
-42
-42
-42
-42
-42
-42
-42
-42
-42
-42
-42
-42
-42
-41
-41
-41
-41
-41
-41
-41
-41
-41
-41
-41
-41
-41
-41
-41
-41
-41
-41
-41
-41
-41
-41
-41
-41
-41
-41
-41
-41
-41
-41
-41
-41
-41
-41
-41
-41
-41
-41
-41
-41
-41
-41
-41
-41
-41
-41
-41
-41
-41
-41
-41
-41
-40
-40
-40
-40
-40
-40
-40
-40
-40
-40
-40
-40
-40
-40
-40
-40
-40
-40
-40
-40
-40
-40
-40
-40
-40
-40
-40
-40
-40
-40
-40
-40
-40
-40
-40
-40
-40
-40
-40
-40
-40
-40
-39
-39
-39
-39
-39
-39
-39
-39
-39
-39
-39
-39
-39
-39
-39
-39
-39
-39
-39
-39
-39
-39
-39
-39
-39
-39
-39
-39
-39
-39
-39
-39
-39
-39
-39
-39
-39
-39
-39
-39
-39
-39
-39
-39
-39
-39
-39
-38
-38
-38
-38
-38
-38
-38
-38
-38
-38
-38
-38
-38
-38
-38
-38
-38
-38
-38
-38
-38
-38
-38
-38
-38
-38
-38
-38
-38
-38
-38
-38
-38
-38
-38
-38
-38
-38
-38
-38
-38
-38
-38
-38
-38
-38
-38
-38
-38
-38
-38
-38
-37
-37
-37
-37
-37
-37
-37
-37
-37
-37
-37
-37
-37
-37
-37
-37
-37
-37
-37
-37
-37
-37
-37
-37
-37
-37
-37
-37
-37
-37
-37
-37
-37
-37
-37
-37
-37
-37
-37
-37
-37
-37
-37
-37
-37
-37
-37
-37
-37
-36
-36
-36
-36
-36
-36
-36
-36
-36
-36
-36
-36
-36
-36
-36
-36
-36
-36
-36
-36
-36
-36
-36
-36
-36
-36
-36
-36
-36
-36
-36
-36
-36
-36
-36
-36
-36
-36
-36
-36
-36
-36
-36
-36
-36
-36
-36
-36
-36
-36
-36
-36
-36
-36
-35
-35
-35
-35
-35
-35
-35
-35
-35
-35
-35
-35
-35
-35
-35
-35
-35
-35
-35
-35
-35
-35
-35
-35
-35
-35
-35
-35
-35
-35
-35
-35
-35
-35
-35
-35
-35
-35
-35
-35
-34
-34
-34
-34
-34
-34
-34
-34
-34
-34
-34
-34
-34
-34
-34
-34
-34
-34
-34
-34
-34
-34
-34
-34
-34
-34
-34
-34
-34
-34
-34
-34
-34
-34
-34
-34
-34
-34
-34
-34
-34
-34
-34
-34
-34
-34
-34
-34
-34
-34
-34
-34
-34
-34
-33
-33
-33
-33
-33
-33
-33
-33
-33
-33
-33
-33
-33
-33
-33
-33
-33
-33
-33
-33
-33
-33
-33
-33
-33
-33
-33
-33
-33
-33
-33
-33
-33
-33
-33
-33
-33
-33
-33
-33
-33
-33
-33
-33
-33
-33
-33
-33
-33
-33
-33
-33
-32
-32
-32
-32
-32
-32
-32
-32
-32
-32
-32
-32
-32
-32
-32
-32
-32
-32
-32
-32
-32
-32
-32
-32
-32
-32
-32
-32
-32
-32
-32
-32
-32
-32
-32
-32
-32
-32
-32
-32
-32
-32
-32
-31
-31
-31
-31
-31
-31
-31
-31
-31
-31
-31
-31
-31
-31
-31
-31
-31
-31
-31
-31
-31
-31
-31
-31
-31
-31
-31
-31
-31
-31
-31
-31
-31
-31
-31
-31
-31
-31
-31
-31
-31
-31
-31
-31
-31
-31
-31
-31
-31
-31
-30
-30
-30
-30
-30
-30
-30
-30
-30
-30
-30
-30
-30
-30
-30
-30
-30
-30
-30
-30
-30
-30
-30
-30
-30
-30
-30
-30
-30
-30
-30
-30
-30
-30
-30
-30
-30
-30
-30
-30
-30
-30
-30
-30
-29
-29
-29
-29
-29
-29
-29
-29
-29
-29
-29
-29
-29
-29
-29
-29
-29
-29
-29
-29
-29
-29
-29
-29
-29
-29
-29
-29
-29
-29
-29
-29
-29
-29
-29
-29
-29
-29
-29
-29
-29
-29
-29
-29
-29
-29
-29
-29
-29
-29
-29
-29
-29
-29
-29
-29
-28
-28
-28
-28
-28
-28
-28
-28
-28
-28
-28
-28
-28
-28
-28
-28
-28
-28
-28
-28
-28
-28
-28
-28
-28
-28
-28
-28
-28
-28
-28
-28
-28
-28
-28
-28
-28
-28
-28
-28
-28
-28
-28
-28
-28
-28
-28
-28
-28
-28
-28
-28
-28
-28
-28
-28
-27
-27
-27
-27
-27
-27
-27
-27
-27
-27
-27
-27
-27
-27
-27
-27
-27
-27
-27
-27
-27
-27
-27
-27
-27
-27
-27
-27
-27
-27
-27
-27
-27
-27
-27
-26
-26
-26
-26
-26
-26
-26
-26
-26
-26
-26
-26
-26
-26
-26
-26
-26
-26
-26
-26
-26
-26
-26
-26
-26
-26
-26
-26
-26
-26
-26
-26
-26
-26
-26
-26
-25
-25
-25
-25
-25
-25
-25
-25
-25
-25
-25
-25
-25
-25
-25
-25
-25
-25
-25
-25
-25
-25
-25
-25
-25
-25
-25
-25
-25
-25
-25
-25
-25
-25
-25
-25
-25
-25
-25
-25
-25
-25
-25
-25
-24
-24
-24
-24
-24
-24
-24
-24
-24
-24
-24
-24
-24
-24
-24
-24
-24
-24
-24
-24
-24
-24
-24
-24
-24
-24
-24
-24
-24
-24
-24
-24
-24
-24
-24
-24
-24
-24
-24
-24
-24
-24
-24
-24
-24
-24
-24
-24
-24
-24
-24
-24
-24
-24
-24
-24
-24
-23
-23
-23
-23
-23
-23
-23
-23
-23
-23
-23
-23
-23
-23
-23
-23
-23
-23
-23
-23
-23
-23
-23
-23
-23
-23
-23
-23
-23
-23
-23
-23
-23
-23
-23
-23
-23
-23
-23
-23
-23
-23
-23
-23
-23
-23
-23
-22
-22
-22
-22
-22
-22
-22
-22
-22
-22
-22
-22
-22
-22
-22
-22
-22
-22
-22
-22
-22
-22
-22
-22
-22
-22
-22
-22
-22
-22
-22
-22
-22
-22
-22
-22
-22
-22
-22
-22
-22
-22
-22
-22
-22
-22
-22
-22
-22
-22
-22
-22
-22
-21
-21
-21
-21
-21
-21
-21
-21
-21
-21
-21
-21
-21
-21
-21
-21
-21
-21
-21
-21
-21
-21
-21
-21
-21
-21
-21
-21
-21
-21
-21
-21
-21
-21
-21
-21
-21
-21
-21
-21
-21
-21
-21
-21
-21
-21
-21
-21
-21
-21
-21
-21
-21
-20
-20
-20
-20
-20
-20
-20
-20
-20
-20
-20
-20
-20
-20
-20
-20
-20
-20
-20
-20
-20
-20
-20
-20
-20
-20
-20
-20
-20
-20
-20
-20
-20
-20
-20
-20
-20
-20
-20
-20
-20
-20
-20
-20
-20
-20
-19
-19
-19
-19
-19
-19
-19
-19
-19
-19
-19
-19
-19
-19
-19
-19
-19
-19
-19
-19
-19
-19
-19
-19
-19
-19
-19
-19
-19
-19
-19
-19
-19
-19
-19
-19
-19
-19
-19
-19
-19
-19
-19
-19
-19
-19
-19
-18
-18
-18
-18
-18
-18
-18
-18
-18
-18
-18
-18
-18
-18
-18
-18
-18
-18
-18
-18
-18
-18
-18
-18
-18
-18
-18
-18
-18
-18
-18
-18
-18
-18
-18
-18
-18
-18
-18
-18
-18
-18
-18
-18
-18
-18
-18
-18
-18
-18
-18
-18
-18
-18
-18
-18
-18
-18
-18
-18
-18
-17
-17
-17
-17
-17
-17
-17
-17
-17
-17
-17
-17
-17
-17
-17
-17
-17
-17
-17
-17
-17
-17
-17
-17
-17
-17
-17
-17
-17
-17
-17
-17
-17
-17
-17
-17
-17
-17
-17
-17
-17
-17
-17
-17
-17
-17
-17
-17
-17
-17
-17
-16
-16
-16
-16
-16
-16
-16
-16
-16
-16
-16
-16
-16
-16
-16
-16
-16
-16
-16
-16
-16
-16
-16
-16
-16
-16
-16
-16
-16
-16
-16
-16
-16
-16
-16
-16
-16
-16
-16
-16
-16
-16
-16
-16
-16
-16
-16
-16
-16
-16
-16
-16
-16
-16
-16
-16
-16
-16
-16
-16
-16
-16
-15
-15
-15
-15
-15
-15
-15
-15
-15
-15
-15
-15
-15
-15
-15
-15
-15
-15
-15
-15
-15
-15
-15
-15
-15
-15
-15
-15
-15
-15
-15
-15
-15
-15
-15
-15
-15
-15
-15
-15
-15
-15
-15
-15
-15
-15
-15
-15
-15
-15
-15
-14
-14
-14
-14
-14
-14
-14
-14
-14
-14
-14
-14
-14
-14
-14
-14
-14
-14
-14
-14
-14
-14
-14
-14
-14
-14
-14
-14
-14
-14
-14
-14
-14
-14
-14
-14
-14
-13
-13
-13
-13
-13
-13
-13
-13
-13
-13
-13
-13
-13
-13
-13
-13
-13
-13
-13
-13
-13
-13
-13
-13
-13
-13
-13
-13
-13
-13
-13
-13
-13
-13
-13
-13
-13
-13
-13
-13
-13
-13
-13
-13
-13
-13
-13
-13
-13
-13
-13
-13
-12
-12
-12
-12
-12
-12
-12
-12
-12
-12
-12
-12
-12
-12
-12
-12
-12
-12
-12
-12
-12
-12
-12
-12
-12
-12
-12
-12
-12
-12
-12
-12
-12
-12
-12
-12
-12
-12
-12
-12
-12
-12
-12
-12
-12
-12
-12
-12
-12
-12
-12
-12
-12
-11
-11
-11
-11
-11
-11
-11
-11
-11
-11
-11
-11
-11
-11
-11
-11
-11
-11
-11
-11
-11
-11
-11
-11
-11
-11
-11
-11
-11
-11
-11
-11
-11
-11
-11
-11
-11
-11
-11
-11
-11
-11
-11
-11
-11
-11
-11
-11
-11
-11
-11
-11
-11
-10
-10
-10
-10
-10
-10
-10
-10
-10
-10
-10
-10
-10
-10
-10
-10
-10
-10
-10
-10
-10
-10
-10
-10
-10
-10
-10
-10
-10
-10
-10
-10
-10
-10
-10
-10
-10
-10
-10
-10
-10
-10
-10
-10
-10
-10
-10
-10
-10
-10
-10
-10
-10
-10
-10
-10
-10
-10
-10
-10
-9
-9
-9
-9
-9
-9
-9
-9
-9
-9
-9
-9
-9
-9
-9
-9
-9
-9
-9
-9
-9
-9
-9
-9
-9
-9
-9
-9
-9
-9
-9
-9
-9
-9
-9
-9
-9
-9
-9
-9
-9
-9
-9
-9
-9
-9
-9
-9
-8
-8
-8
-8
-8
-8
-8
-8
-8
-8
-8
-8
-8
-8
-8
-8
-8
-8
-8
-8
-8
-8
-8
-8
-8
-8
-8
-8
-8
-8
-8
-8
-8
-8
-8
-8
-8
-8
-8
-8
-7
-7
-7
-7
-7
-7
-7
-7
-7
-7
-7
-7
-7
-7
-7
-7
-7
-7
-7
-7
-7
-7
-7
-7
-7
-7
-7
-7
-7
-7
-7
-7
-7
-7
-7
-7
-7
-7
-7
-7
-7
-7
-7
-7
-7
-7
-7
-7
-7
-7
-7
-7
-7
-7
-7
-7
-7
-7
-6
-6
-6
-6
-6
-6
-6
-6
-6
-6
-6
-6
-6
-6
-6
-6
-6
-6
-6
-6
-6
-6
-6
-6
-6
-6
-6
-6
-6
-6
-6
-6
-6
-6
-6
-6
-6
-6
-6
-6
-6
-6
-6
-6
-5
-5
-5
-5
-5
-5
-5
-5
-5
-5
-5
-5
-5
-5
-5
-5
-5
-5
-5
-5
-5
-5
-5
-5
-5
-5
-5
-5
-5
-5
-5
-5
-5
-5
-5
-5
-5
-5
-5
-5
-5
-5
-5
-5
-5
-5
-5
-5
-5
-5
-5
-5
-5
-5
-4
-4
-4
-4
-4
-4
-4
-4
-4
-4
-4
-4
-4
-4
-4
-4
-4
-4
-4
-4
-4
-4
-4
-4
-4
-4
-4
-4
-4
-4
-4
-4
-4
-4
-4
-4
-4
-4
-4
-4
-4
-3
-3
-3
-3
-3
-3
-3
-3
-3
-3
-3
-3
-3
-3
-3
-3
-3
-3
-3
-3
-3
-3
-3
-3
-3
-3
-3
-3
-3
-3
-3
-3
-3
-3
-3
-3
-3
-3
-3
-3
-3
-3
-3
-3
-3
-2
-2
-2
-2
-2
-2
-2
-2
-2
-2
-2
-2
-2
-2
-2
-2
-2
-2
-2
-2
-2
-2
-2
-2
-2
-2
-2
-2
-2
-2
-2
-2
-2
-2
-2
-2
-2
-2
-2
-2
-2
-2
-2
-2
-2
-2
-2
-2
-2
-2
-1
-1
-1
-1
-1
-1
-1
-1
-1
-1
-1
-1
-1
-1
-1
-1
-1
-1
-1
-1
-1
-1
-1
-1
-1
-1
-1
-1
-1
-1
-1
-1
-1
-1
-1
-1
-1
-1
-1
-1
-1
-1
-1
-1
-1
-1
-1
-1
-1
-1
-1
-1
-1
0
0
0
0
0
0
0
0
0
0
0
0
0
0
0
0
0
0
0
0
0
0
0
0
0
0
0
0
0
0
0
0
0
0
0
0
0
0
0
0
0
0
0
0
0
0
0
0
0
0
0
0
0
0
0
0
0
0
0
0
0
0
0
0
0
0
1
1
1
1
1
1
1
1
1
1
1
1
1
1
1
1
1
1
1
1
1
1
1
1
1
1
1
1
1
1
1
1
1
1
1
1
1
1
1
1
1
1
1
1
1
1
1
1
1
1
1
1
1
2
2
2
2
2
2
2
2
2
2
2
2
2
2
2
2
2
2
2
2
2
2
2
2
2
2
2
2
2
2
2
2
2
2
2
2
2
2
2
2
2
2
2
3
3
3
3
3
3
3
3
3
3
3
3
3
3
3
3
3
3
3
3
3
3
3
3
3
3
3
3
3
3
3
3
3
3
3
3
3
3
3
4
4
4
4
4
4
4
4
4
4
4
4
4
4
4
4
4
4
4
4
4
4
4
4
4
4
4
4
4
4
4
4
4
4
4
4
4
4
4
4
4
4
4
4
4
4
4
4
4
4
4
4
4
4
4
5
5
5
5
5
5
5
5
5
5
5
5
5
5
5
5
5
5
5
5
5
5
5
5
5
5
5
5
5
5
5
5
5
5
5
5
5
5
5
5
5
5
5
5
5
5
5
5
5
5
5
5
5
5
5
6
6
6
6
6
6
6
6
6
6
6
6
6
6
6
6
6
6
6
6
6
6
6
6
6
6
6
6
6
6
6
6
6
6
6
6
6
6
6
6
6
6
6
6
6
6
6
6
6
6
6
6
6
6
6
6
6
6
7
7
7
7
7
7
7
7
7
7
7
7
7
7
7
7
7
7
7
7
7
7
7
7
7
7
7
7
7
7
7
7
7
7
7
7
7
7
7
7
7
7
7
7
7
7
7
7
8
8
8
8
8
8
8
8
8
8
8
8
8
8
8
8
8
8
8
8
8
8
8
8
8
8
8
8
8
8
8
8
8
8
8
8
8
8
8
8
8
8
8
8
8
8
9
9
9
9
9
9
9
9
9
9
9
9
9
9
9
9
9
9
9
9
9
9
9
9
9
9
9
9
9
9
9
9
10
10
10
10
10
10
10
10
10
10
10
10
10
10
10
10
10
10
10
10
10
10
10
10
10
10
10
10
10
10
10
10
10
10
10
10
10
10
10
10
10
10
10
11
11
11
11
11
11
11
11
11
11
11
11
11
11
11
11
11
11
11
11
11
11
11
11
11
11
11
11
11
11
11
11
11
11
11
11
11
11
11
11
11
11
11
11
11
11
11
11
11
11
11
12
12
12
12
12
12
12
12
12
12
12
12
12
12
12
12
12
12
12
12
12
12
12
12
12
12
12
12
12
12
12
12
12
12
12
12
12
12
12
12
12
12
12
12
12
12
12
12
12
13
13
13
13
13
13
13
13
13
13
13
13
13
13
13
13
13
13
13
13
13
13
13
13
13
13
13
13
13
13
13
13
13
13
13
13
13
13
13
13
13
13
14
14
14
14
14
14
14
14
14
14
14
14
14
14
14
14
14
14
14
14
14
14
14
14
14
14
14
14
14
14
14
14
14
14
14
14
14
14
14
14
14
14
14
14
14
14
14
14
14
14
14
14
14
14
14
14
14
14
15
15
15
15
15
15
15
15
15
15
15
15
15
15
15
15
15
15
15
15
15
15
15
15
15
15
15
15
15
15
15
15
15
15
15
15
15
15
15
15
15
15
15
15
15
15
15
15
15
15
15
15
15
15
15
15
15
15
15
15
15
15
15
15
15
15
15
15
15
15
16
16
16
16
16
16
16
16
16
16
16
16
16
16
16
16
16
16
16
16
16
16
16
16
16
16
16
16
16
16
16
16
16
16
16
16
16
16
16
16
16
16
16
16
16
16
16
17
17
17
17
17
17
17
17
17
17
17
17
17
17
17
17
17
17
17
17
17
17
17
17
17
17
17
17
17
17
17
17
17
17
17
17
17
17
17
17
17
17
17
17
17
17
17
17
17
17
18
18
18
18
18
18
18
18
18
18
18
18
18
18
18
18
18
18
18
18
18
18
18
18
18
18
18
18
18
18
18
18
18
18
18
18
18
18
18
18
18
18
18
18
18
18
18
18
18
18
18
18
18
18
18
18
18
18
18
18
18
18
18
18
19
19
19
19
19
19
19
19
19
19
19
19
19
19
19
19
19
19
19
19
19
19
19
19
19
19
19
19
19
19
19
19
19
19
19
19
19
19
19
19
19
19
19
19
19
19
19
19
19
19
19
19
19
19
19
19
19
19
19
20
20
20
20
20
20
20
20
20
20
20
20
20
20
20
20
20
20
20
20
20
20
20
20
20
20
20
20
20
20
20
20
20
20
20
20
20
20
20
20
20
20
20
20
20
20
20
20
20
20
20
21
21
21
21
21
21
21
21
21
21
21
21
21
21
21
21
21
21
21
21
21
21
21
21
21
21
21
21
21
21
21
21
21
21
21
21
21
21
21
21
21
21
21
21
21
21
22
22
22
22
22
22
22
22
22
22
22
22
22
22
22
22
22
22
22
22
22
22
22
22
22
22
22
22
22
22
22
22
22
22
22
22
22
22
22
22
22
22
22
22
22
22
22
22
22
22
22
22
22
22
23
23
23
23
23
23
23
23
23
23
23
23
23
23
23
23
23
23
23
23
23
23
23
23
23
23
23
23
23
23
23
23
23
23
23
23
23
23
23
23
23
23
23
23
23
23
24
24
24
24
24
24
24
24
24
24
24
24
24
24
24
24
24
24
24
24
24
24
24
24
24
24
24
24
24
24
24
24
24
24
24
24
24
24
24
24
24
24
24
24
24
24
24
24
24
24
24
25
25
25
25
25
25
25
25
25
25
25
25
25
25
25
25
25
25
25
25
25
25
25
25
25
25
25
25
25
25
25
25
25
25
25
25
25
25
25
25
25
25
25
25
25
25
25
25
25
25
25
25
25
25
25
25
25
25
25
26
26
26
26
26
26
26
26
26
26
26
26
26
26
26
26
26
26
26
26
26
26
26
26
26
26
26
26
26
26
26
26
26
26
26
26
26
26
26
26
26
26
26
26
26
26
26
26
27
27
27
27
27
27
27
27
27
27
27
27
27
27
27
27
27
27
27
27
27
27
27
27
27
27
27
27
27
27
27
27
27
27
27
27
27
27
27
27
27
27
27
28
28
28
28
28
28
28
28
28
28
28
28
28
28
28
28
28
28
28
28
28
28
28
28
28
28
28
28
28
28
28
28
28
28
28
28
28
28
28
28
28
28
28
28
28
28
28
28
28
28
28
28
28
28
28
28
28
28
28
28
29
29
29
29
29
29
29
29
29
29
29
29
29
29
29
29
29
29
29
29
29
29
29
29
29
29
29
29
29
29
29
29
29
29
29
29
29
29
29
29
29
29
29
29
29
29
29
29
29
29
30
30
30
30
30
30
30
30
30
30
30
30
30
30
30
30
30
30
30
30
30
30
30
30
30
30
30
30
30
30
30
30
30
30
30
30
30
30
30
30
30
30
30
31
31
31
31
31
31
31
31
31
31
31
31
31
31
31
31
31
31
31
31
31
31
31
31
31
31
31
31
31
31
31
31
31
31
31
31
31
31
31
31
31
31
31
31
31
31
31
31
32
32
32
32
32
32
32
32
32
32
32
32
32
32
32
32
32
32
32
32
32
32
32
32
32
32
32
32
32
32
32
32
32
32
32
32
32
32
32
32
32
32
32
32
32
32
32
32
32
32
32
32
32
32
33
33
33
33
33
33
33
33
33
33
33
33
33
33
33
33
33
33
33
33
33
33
33
33
33
33
33
33
33
33
33
33
33
33
33
33
33
33
33
33
34
34
34
34
34
34
34
34
34
34
34
34
34
34
34
34
34
34
34
34
34
34
34
34
34
34
34
34
34
34
34
34
34
34
34
34
34
34
34
34
34
34
34
34
34
34
34
34
34
34
34
34
34
34
34
34
35
35
35
35
35
35
35
35
35
35
35
35
35
35
35
35
35
35
35
35
35
35
35
35
35
35
35
35
35
35
35
35
35
35
35
35
35
35
35
35
35
35
36
36
36
36
36
36
36
36
36
36
36
36
36
36
36
36
36
36
36
36
36
36
36
36
36
36
36
36
36
36
36
36
36
36
36
36
36
36
36
36
36
36
36
36
36
36
36
37
37
37
37
37
37
37
37
37
37
37
37
37
37
37
37
37
37
37
37
37
37
37
37
37
37
37
37
37
37
37
37
37
37
37
37
37
37
37
37
37
37
37
37
37
38
38
38
38
38
38
38
38
38
38
38
38
38
38
38
38
38
38
38
38
38
38
38
38
38
38
38
38
38
38
38
38
38
38
38
38
38
38
39
39
39
39
39
39
39
39
39
39
39
39
39
39
39
39
39
39
39
39
39
39
39
39
39
39
39
39
39
39
39
39
39
39
39
39
39
39
39
39
39
39
39
39
39
39
39
39
39
39
40
40
40
40
40
40
40
40
40
40
40
40
40
40
40
40
40
40
40
40
40
40
40
40
40
40
40
40
40
40
40
40
40
40
40
40
40
40
40
40
40
40
40
40
40
40
40
40
40
40
40
41
41
41
41
41
41
41
41
41
41
41
41
41
41
41
41
41
41
41
41
41
41
41
41
41
41
41
41
41
41
41
41
41
41
41
41
41
41
41
41
41
41
41
41
41
41
41
41
41
41
41
41
42
42
42
42
42
42
42
42
42
42
42
42
42
42
42
42
42
42
42
42
42
42
42
42
42
42
42
42
42
42
42
42
42
42
42
42
42
42
42
42
42
42
42
42
42
42
42
42
42
42
42
42
42
42
43
43
43
43
43
43
43
43
43
43
43
43
43
43
43
43
43
43
43
43
43
43
43
43
43
43
43
43
43
43
43
43
43
43
43
43
43
43
43
43
43
43
43
43
43
44
44
44
44
44
44
44
44
44
44
44
44
44
44
44
44
44
44
44
44
44
44
44
44
44
44
44
44
44
44
44
44
44
44
44
44
44
44
44
44
45
45
45
45
45
45
45
45
45
45
45
45
45
45
45
45
45
45
45
45
45
45
45
45
45
45
45
45
45
45
45
45
45
45
45
45
45
45
45
45
45
45
45
45
45
45
45
45
45
45
45
45
45
45
46
46
46
46
46
46
46
46
46
46
46
46
46
46
46
46
46
46
46
46
46
46
46
46
46
46
46
46
46
46
46
46
46
46
46
46
46
46
46
46
46
47
47
47
47
47
47
47
47
47
47
47
47
47
47
47
47
47
47
47
47
47
47
47
47
47
47
47
47
47
47
47
47
47
47
47
47
47
48
48
48
48
48
48
48
48
48
48
48
48
48
48
48
48
48
48
48
48
48
48
48
48
48
48
48
48
48
48
48
48
48
48
48
48
48
48
48
48
48
48
48
48
48
48
48
49
49
49
49
49
49
49
49
49
49
49
49
49
49
49
49
49
49
49
49
49
49
49
49
49
49
49
49
49
49
49
49
49
49
49
49
49
49
49
49
49
49
49
49
49
49
49
49
49
49
49
49
50
50
50
50
50
50
50
50
50
50
50
50
50
50
50
50
50
50
50
50
50
50
50
50
50
50
50
50
50
50
50
50
50
50
50
50
50
50
50
50
50
50
50
50
50
50
50
50
50
50
50
50
50
50
50
50
50
50
50
50
50
10000
247459
2071686
3317541
4789069
6489225
7541363
8154298
8551550
8621322
9976436
10841353
11574289
12270135
12416651
12805770
12888043
16472766
16547374
16566160
19236787
20201654
20387502
20396895
20584976
22218243
28874297
30715775
31065111
31206331
31718165
32000781
33312899
33391742
34672509
36356584
37164511
37822451
38292278
39248166
39740998
40615002
40977576
42286730
43063976
45017299
45541747
45634459
46599139
46684782
47509071
47900794
48398996
51260184
52265570
52672523
52964326
53000118
54415260
55587158
56105440
57048994
57262710
57855421
57917739
58118494
58851486
59587968
59946206
59999283
60477260
60677752
60813588
61013588
63116743
63255194
64572644
64618966
65977298
68431840
68961805
69503276
69544774
69845040
70308115
71438021
72059988
73443983
73553950
74527814
74677183
75180822
75262732
75316765
76523928
76907364
79003899
80007075
82194269
82397605
83877057
84069063
84315414
84967331
85485135
86251558
86847144
88327101
88479308
91046247
92075389
94711816
95868051
97029755
97196479
97229002
99297063
100166556
100311558
101213166
102281192
102585292
103733942
104153323
104596662
107106022
107891173
108952611
110728937
111106066
111563853
111641040
112250867
112375284
115879862
116841052
117148408
118374423
120183313
120740301
121019493
121104770
121274032
122433565
122479734
122540511
123658657
123845968
124047625
125035877
125367981
125988151
127264929
129708567
129902724
130866192
131402965
134057849
134203203
134679424
134772052
135576362
135819502
136148459
137347325
137370851
138302250
138310380
139993404
140611690
140747998
140751969
141717825
141719187
142624365
143438815
143559191
143878176
144463277
144812223
144903451
146936430
147716956
151885159
153130459
153303354
155188995
155419789
159698683
159769972
160407769
160799819
162103077
162697539
162764129
163853599
165258047
166099975
166421430
166426129
167503754
168709695
169140427
169689955
170599206
171057431
173529206
173659409
174503562
174941092
175087612
175182729
175266453
175704175
178240533
181200560
181542857
181564036
181797224
181907512
181942682
182915155
183844239
184444505
184681843
187074016
187130635
187402788
187569498
187987353
190752400
191080008
191186697
191771045
192361720
195842426
195934539
198077314
198954237
199091254
199525557
199721216
199896870
200222706
201578356
202024769
202883007
203650939
203718665
205152239
205181798
205381592
207592925
208071925
208089439
211553642
212716115
215543605
216677963
217069989
217434232
218459077
220130146
220398084
221232006
222641247
222911320
223356005
223898928
224707548
225293633
225602467
225665714
226743443
226800734
227395302
227569249
228460538
230293407
230711830
234432230
235186712
235652277
236766045
237109706
237305485
237622497
238895054
239651432
241117104
241702259
242199370
243371538
244546226
245507056
245918395
245926654
245959644
246793641
248140361
248522251
249722590
250004918
250941655
252423447
252501502
252522076
252545343
253861131
254684586
254978945
257613163
259556275
260116759
260798848
261960410
262816441
262871782
264002800
264635800
265792396
265860542
266940043
269816746
271182418
271475147
272784869
273219870
273452905
274904068
276323198
278808542
279112051
279328073
280393237
280907154
284161599
284244519
285087985
287493697
287643967
289168077
291215875
292245179
293202871
294068704
301189309
303449671
303567357
303606816
304634551
304760466
305914850
306293176
309291588
309578176
313035913
313473664
313812004
315383397
317478497
317714180
317720779
318712035
319093159
319965608
320850234
321236914
321253205
321995714
322412545
323131097
324053609
324505195
324633820
325477179
325715851
325792936
326140238
326455830
327975457
328180195
328371129
329444715
329786631
330951485
332448466
332736362
333500928
333507908
334503122
334911400
334946130
335164436
336427233
337466426
338471112
338544683
339895696
340801741
342235314
343271663
343745755
344096846
344224096
344260337
344522929
344819851
345273254
349103536
350372882
351128305
351938219
352533395
353214155
353876503
354794500
355225238
356642166
356673967
359071432
359206841
360136252
360652797
362275228
363841463
364721630
364972562
365126222
365284783
366068274
366349914
366512728
367148775
367347455
367612179
368172559
368235368
368909613
369349737
370385317
371281154
371410463
372434291
376785564
377570236
378060544
379173352
379672820
380175653
380552398
380893976
381312185
381422706
382989171
383220106
383252843
384464454
384865734
385377867
385681534
387282436
389323086
393357503
393507127
393541256
394264032
395141931
395612829
396158079
396704017
398672358
399500652
400627839
401915267
402642504
403076157
403164953
403171479
405322935
405688244
406574191
407315718
407506359
408768559
408844613
409482449
410178135
410430455
410575241
410857442
411244816
411965112
412166614
412184873
413383453
414812712
415095177
415233890
415791247
416319373
416325870
417547740
417766286
417852088
417931595
418903864
419531771
420328843
420711152
420784174
421851597
422619428
423599534
426565495
427417318
427604969
429530421
429914189
433636968
433927254
435740041
437277489
437324610
440804580
440880424
441162468
441260123
441960056
443616272
445808208
445898548
447405756
448553206
449008570
450059867
451635222
452036272
452685351
453844961
455514941
455796220
456731866
457086188
460245765
462055600
462717209
465524766
466426318
469231499
469484920
469578609
471575669
472411212
472757324
472843984
473116858
473602028
474352030
474612014
476197243
476594590
477855338
478307946
481426442
481628316
481926770
483376805
484835001
485492096
486203449
487439400
487846347
488828879
489434560
489640823
491495805
491559730
492042581
494696446
495069025
495206089
495392071
495609961
496043581
496338760
496468816
497681635
498138138
499143820
502044616
502929760
503175472
504363008
504513460
505278471
506252663
506836555
507224574
509138054
509435138
510935310
511174759
512456074
514352223
514682866
515104896
516010711
516791329
516964009
518091987
518124855
518139472
518517660
520449443
521052433
522249846
522410052
522502534
523292162
524366052
525390353
526723768
526821484
526872989
527569683
527999580
530063233
530431877
531760869
532263435
532669498
532772513
534953621
535481767
535593239
536081837
536996915
538297844
538741049
539145474
542059213
542414186
542731081
544592154
544847939
544950035
545040558
545580805
551081168
551375229
554401700
554928464
555328734
555780308
557462097
557498747
558220785
558495045
559085720
559977717
561198834
561663062
563241264
563946284
564877920
566198650
566813002
567673826
569119822
569248157
569574115
570340810
571514914
572248924
572341625
572387446
572944912
572979918
573245922
573254487
574105096
574498056
575375057
575724966
576923285
578511865
578835462
579442365
581068495
581348456
582720797
587338146
588049017
588933610
589663480
590209292
590218733
590542017
591976149
592727967
594752041
595085491
595503595
597824663
598233728
601236524
601861954
601966267
602236845
603423619
603447851
603572918
603580384
603862684
603934757
605434463
605763367
605931812
606990326
610514166
611130669
612022032
612740258
615412219
615850234
615908861
616458682
616688490
619402682
621096912
621947353
625106156
625329943
626549014
626726668
628349008
630951083
631319176
631428599
632449662
633512914
633993528
634161266
634505443
634713933
636541483
637727874
639762756
643451748
643632964
647540277
648193464
653293267
653679155
654062278
655323482
657272116
659082851
659262957
659926236
661825834
663512260
663756011
664474794
666453273
667799804
668139464
668290909
669045629
669239445
669754860
670247175
670492181
671072233
672411695
672459101
673863214
674228772
675841252
676029522
676221301
677306876
678172697
678909268
679767881
679844442
681444071
682704870
683178443
683390812
683393711
684166548
684416295
684853276
684918566
686492271
687701424
687766652
689368941
690092592
690321353
690781205
692343167
692629399
694421346
694972100
695726381
696330768
696481358
696817806
698715548
698869347
699847202
701418996
702780474
703560540
708411001
708595989
708671002
709366779
711086967
712035827
712051955
713002057
713484283
714243839
714473492
715994994
716211320
716530086
716811507
718093816
719791493
720139182
720166962
720436818
720474117
720634652
722993971
723840130
724226529
724359020
725650789
727835091
728850813
729588757
732227037
732269048
732624659
732653441
732958842
733195940
733601558
735148884
735296444
735826852
738346703
738440408
738601332
739730208
739994397
740034962
741114666
742537671
742702733
743100082
743418317
744763268
744865699
745298598
745671045
747762238
748348892
748654335
748745080
749073300
749646804
754669985
755211122
755250096
756802324
756916747
757048989
759058283
759255862
761742172
762439283
762557445
763169802
763644591
764443947
765206404
765840394
765852291
766736273
767429601
767731102
770106121
770367731
770410169
770856739
771116983
771834326
771897171
771979653
772035513
772345457
772621596
773368454
774016863
775380082
778006439
781120327
781253021
781368600
781559073
783594654
784113538
786133062
786527584
786539690
786690368
786714646
786936751
787090751
787094396
787264417
790367504
790849677
791963025
792762755
792783388
793652724
794467928
794509519
799671080
799966193
800016497
800311174
800404815
801195648
801428151
802742276
802878564
802986479
803847048
806741729
806950728
808268691
810592968
810649858
812065924
812415529
813100049
813366593
813394986
814144913
814359779
814603529
814792178
816290800
817545298
818102648
818270476
821403245
821531431
821845022
822718099
823485312
825558172
825841029
827088038
828681260
830184792
830503100
830843912
832071968
834519809
835491143
836091311
838368156
839158590
840368110
840738751
843015476
843776040
844549714
846122903
846995382
849915924
850153650
851606679
852111250
852771267
854919941
855148784
855730009
856240311
856952716
856965165
857818815
858120981
858784450
863629117
864752847
865525084
865601075
867468200
867945504
867951565
869645674
870929881
871138073
871625894
872901769
877273769
878880682
878979135
880243504
880687432
882679629
884605230
886218644
886557225
886641376
887147771
890714613
893295565
893338845
893414230
895094066
895467746
897122758
898121727
900004456
902145364
903745803
904305867
904762376
904922251
905496440
905652444
908555805
909869047
911760500
912015066
912980141
913624246
913807520
914634148
918626199
918980366
919316433
920109922
920759349
921480718
923077074
926657382
926996710
927902445
927935604
928699620
929271466
929898774
931231350
934318633
934787735
936817256
936920124
936981252
938070682
938246188
939378330
940164360
940963586
942978012
943405894
945862236
947974659
948536623
950963616
951462403
951918139
952486325
952678378
953475459
954461378
955323063
956113333
958110512
958252536
959281293
962412726
962981417
963270364
963557528
963693184
963999470
964286892
965054959
966832196
969295185
969803339
970820909
971969462
972804243
973752181
973929311
974778617
975322626
975436060
976122999
976958985
977084660
977130755
977716664
978136752
979980256
981566761
981652509
984677114
985710315
986708949
987191874
987308151
987548988
988791769
990158905
991815398
993182119
994720743
994782986
995676837
996723054
996757516
996975776
997055955
998886547
999848353
999930357
1003281486
1003795864
1004397493
1005810087
1007076091
1008212119
1008694556
1008902899
1010988380
1011556892
1012027620
1012112377
1012415964
1013463724
1014079119
1014669140
1015887269
1016224971
1016289077
1017071095
1017745697
1017749463
1018229617
1019102148
1019730092
1020295644
1020460990
1020548481
1021576133
1021834887
1022930772
1023826247
1024996766
1025166538
1027586956
1027650481
1027918211
1028629664
1033996294
1034180175
1034594554
1035144310
1035665813
1036272923
1037208969
1038834706
1039517869
1041509903
1043373506
1043743918
1043806283
1044056468
1044549824
1044766925
1045961240
1046588022
1048404701
1048667541
1049275472
1051217969
1051390929
1051970175
1053849903
1054154966
1054173866
1057916139
1058526454
1060221731
1060547295
1060788750
1060901339
1061002825
1061156527
1063067615
1063570870
1063648487
1063936178
1065196091
1065200759
1068088778
1071794725
1071906044
1072272387
1072488325
1074042059
1074071018
1074362046
1074932188
1075765157
1079062017
1079261279
1080553117
1081463688
1083674422
1085287338
1085542010
1087822067
1088747218
1089148776
1089466493
1089743797
1089929655
1090451354
1090501945
1090837354
1091861880
1091900188
1092710628
1092858528
1092928888
1098272559
1098651324
1099110138
1100722346
1101694701
1102358300
1102512089
1104322630
1104753270
1105109779
1105112296
1105963625
1106311881
1106818572
1107237524
1107262563
1107267798
1107456775
1108547662
1108753020
1109860973
1112046419
1112056317
1112859109
1112951943
1115477941
1116256293
1117128916
1117887799
1117941268
1119107410
1120752133
1122492510
1124444769
1126218442
1126612439
1128963411
1130157251
1132242419
1132319506
1135573918
1135598490
1137925630
1137954186
1139888842
1140000394
1140216543
1142329783
1144300673
1144422569
1145514860
1147789917
1148546801
1148704001
1148896101
1148990407
1149872163
1150115453
1150225856
1151115240
1151747504
1151799628
1152441911
1152908485
1153271748
1153873664
1154992797
1155659612
1156676782
1157205791
1157739570
1158555479
1158998310
1159124314
1159401330
1160059418
1160535863
1160857277
1161046219
1161158378
1161169752
1163429441
1163774963
1166097834
1167404719
1167748849
1169541481
1169676409
1171866707
1172948393
1173106937
1173568571
1174954947
1175851577
1176058672
1176120172
1176163960
1176942478
1176952062
1177157603
1177852403
1179708447
1179996654
1180407222
1181140666
1181495473
1181563363
1181833769
1182370871
1182661905
1183288588
1183808986
1183921033
1184494983
1184907359
1185298696
1185610788
1186074916
1186137531
1186209678
1187466395
1187791334
1187930561
1188622043
1188806154
1189091102
1189607393
1190005583
1192184506
1192694784
1193228002
1195298437
1195871723
1197416860
1197764064
1199230367
1199471632
1201800141
1203558635
1203831240
1204451364
1204775231
1205620547
1206946973
1207290419
1208407630
1208431827
1208507355
1209282940
1209537553
1209910930
1211007768
1211459640
1211548808
1212467408
1215484345
1215689370
1217025032
1219485671
1221815651
1221836812
1222460071
1225910324
1227549917
1230024563
1230630200
1231653636
1232330041
1232609767
1234725307
1235960027
1236202696
1237842531
1238549360
1241058676
1241298974
1241571104
1242503267
1243230397
1245318442
1246024411
1246266805
1246575614
1248699801
1249856138
1250746534
1251935074
1252805625
1254279670
1255905281
1257163954
1257847699
1258044224
1259139316
1259151730
1260529741
1262567809
1266365607
1268921809
1269044894
1270728723
1272601370
1272922532
1273477355
1274541256
1275766463
1277631969
1279375257
1280766123
1281329550
1281333196
1281740205
1281799769
1282854939
1284980784
1285445198
1285908688
1286098749
1287307952
1287373548
1287400950
1287404302
1288788915
1290150839
1291572371
1291970241
1292774065
1297239522
1297580813
1297837849
1298399065
1299597825
1302173298
1303285236
1303813010
1305637925
1306635730
1308005662
1309427413
1309788265
1310403412
1311572520
1312285916
1312598673
1315612913
1316102065
1317515572
1318189392
1318488042
1319229435
1320484077
1321207964
1321607916
1321820344
1322340478
1322469741
1322846627
1323456081
1324125200
1324886530
1325254386
1325443314
1327623627
1328797519
1329170660
1329917910
1331711064
1332255814
1334010712
1334164144
1334939811
1335003037
1335576191
1338949695
1340642774
1340892035
1342327990
1342591386
1343342384
1343492500
1344456287
1344939376
1345946157
1345969382
1346623111
1346827117
1347114695
1348743741
1348984799
1349520919
1350914143
1353309947
1354217549
1355446653
1358840277
1359623931
1359730722
1361859012
1363677681
1363982136
1364171252
1365970282
1366411340
1367767092
1367901379
1370266522
1372736202
1373699841
1374115275
1375762416
1375833873
1377790846
1377800812
1377862570
1378262685
1378931410
1379533794
1379560058
1380355530
1380391641
1380479110
1381272189
1382098545
1383725338
1384971767
1385843898
1386544591
1387713216
1389695669
1390762257
1392081989
1392225828
1392767261
1393815141
1394896247
1395515149
1396184025
1397096465
1398675109
1398968910
1400088787
1400532033
1402307863
1403237058
1403275941
1403609730
1405699695
1407100726
1408394125
1410429051
1410984116
1411824673
1412091920
1412993058
1413089738
1413699067
1413768150
1414278445
1414285307
1415761775
1415973969
1417653696
1419098766
1420007022
1420253251
1421046454
1421887067
1421968415
1422859142
1423069667
1423630502
1423661699
1423873249
1426731406
1427228152
1428104319
1428947514
1429115010
1429565050
1430840970
1432658337
1432739386
1433966792
1434444647
1438020358
1438053376
1438563785
1438569206
1439045475
1440641673
1442056816
1442343495
1443021784
1445608340
1445923877
1446661377
1446965430
1446982432
1447049569
1447487573
1447508143
1448393575
1449251991
1449500539
1449867815
1450392045
1450506959
1450740626
1450867744
1450877023
1450889940
1452863494
1453512420
1454082604
1454126839
1454983939
1455224331
1455433945
1455598551
1456607276
1457630695
1459917764
1460116105
1461102449
1462377876
1463088726
1463746026
1464533929
1465013807
1465262917
1465373277
1465779986
1468803794
1469227935
1471338920
1471413268
1472554573
1472583201
1472709755
1473079621
1473851223
1474749309
1475387136
1475724975
1475916902
1478618403
1480022854
1480077945
1480659349
1482287791
1482343537
1482388776
1482457458
1483841657
1484282318
1489144709
1490315504
1490565867
1491650927
1491786594
1494118219
1494428532
1494498173
1494778785
1494889638
1495149806
1495504894
1498235809
1500709735
1501553575
1502261617
1502353629
1502830466
1504702409
1504728330
1505121189
1505596380
1507666199
1508139218
1509119765
1509153332
1509473505
1509585556
1510251592
1510360537
1511721244
1512109470
1512150904
1512260606
1512289012
1513006010
1513165064
1513964793
1514013655
1514104117
1514201428
1514491965
1515661740
1516305265
1517814957
1518757559
1519496952
1520454544
1522334330
1523241656
1523265956
1524751518
1528932844
1529722083
1531765655
1532155204
1532750412
1532977358
1533187129
1533582000
1534047588
1535777974
1535974638
1536115404
1536170892
1536404509
1536994975
1537137101
1537579020
1537742148
1538469135
1538865904
1539703575
1540427952
1541002309
1541359719
1541515963
1542671206
1543172739
1544084224
1544606075
1546720349
1547412943
1547702531
1549102491
1550362156
1550387798
1551189329
1553071002
1553856285
1554956350
1556491290
1556543862
1558804763
1559643769
1559953179
1560742877
1560897132
1561601531
1562786262
1563510445
1563826154
1564428200
1564486226
1564712321
1566428032
1567807030
1567813931
1568207672
1569252348
1571854006
1573335152
1573394497
1575359540
1575727043
1575806675
1578383480
1579296310
1580257119
1580387784
1581459960
1581693614
1583168775
1583605849
1583676415
1585039712
1585753202
1586239043
1586524762
1588375628
1588495350
1589260858
1589720134
1591230610
1591571554
1592022771
1592209619
1592766522
1593019540
1594461476
1598219425
1600322135
1600880236
1603491291
1604612286
1606782233
1609094887
1609243951
1609594841
1610310840
1610746540
1611915992
1612609820
1613545940
1613687765
1613765455
1614194811
1614338448
1615089719
1615267128
1615678941
1615721527
1616534722
1617901533
1617928804
1619234403
1619289584
1620126911
1622294832
1622799258
1623291113
1623833936
1623834679
1624095697
1625220857
1627824628
1628741851
1629490499
1630150117
1631945006
1633016655
1633848810
1635410083
1635545390
1635807790
1637066061
1637075893
1637213172
1637661600
1637936799
1638167169
1638731531
1638817893
1640438451
1641595550
1641917830
1641961595
1642106804
1644007038
1644491985
1646217990
1647153489
1647165983
1647928894
1648794615
1648853742
1648888256
1649982283
1651627718
1654875118
1657550960
1657671215
1657684395
1658409291
1658577000
1658868631
1660810639
1660998910
1661209814
1661480283
1664159322
1664402843
1665589284
1667364248
1668123574
1668470897
1670010768
1670813601
1670906362
1671558432
1671848974
1672347020
1673669680
1673699066
1673759983
1674914352
1675230586
1675656851
1677069009
1678338577
1679545717
1679868748
1681104506
1681500214
1682368394
1682921076
1683286473
1683448457
1684289153
1684471383
1685997206
1686344879
1687154165
1687644170
1688036784
1688398305
1689111587
1691104685
1693338124
1693487254
1693528676
1695145407
1695909860
1698466462
1699138686
1701324976
1702865659
1703070716
1706826146
1707229113
1707330806
1707675259
1708907708
1709333706
1710637611
1710706246
1711514820
1711970094
1712676798
1713285528
1713296390
1713905580
1714722140
1715008224
1718546641
1718758557
1719736071
1719909647
1721152771
1721690225
1722245620
1722844750
1722920974
1723076397
1723658657
1725012865
1727536172
1728157143
1728845611
1729751635
1732019345
1732644839
1734436124
1734954828
1735626543
1739533058
1740362823
1740419616
1740728422
1741032580
1741104764
1741357743
1741744009
1743976198
1743981499
1745098631
1745716796
1746292095
1746566942
1746897256
1746966684
1747213557
1747654325
1747675287
1747837061
1748424666
1748713271
1751287257
1751963026
1752912192
1754145020
1754408267
1754562714
1755319041
1755401835
1756097519
1756973153
1757436325
1757564294
1758321786
1761106284
1761187440
1763126954
1763556367
1763641897
1764701852
1764895031
1764958737
1767732069
1768908682
1770951400
1771360691
1772199237
1772321831
1773204980
1774033607
1775671959
1776737368
1777975694
1778705720
1778795062
1780167558
1780234187
1780652721
1781051887
1781376460
1782127205
1783518541
1784745864
1784821985
1784883899
1785239500
1786691589
1787663138
1788066650
1788199623
1788427672
1788794630
1789714267
1790170194
1792329557
1793382014
1793540596
1793604585
1795041326
1795222280
1796101283
1797507989
1798270734
1800572063
1801956285
1802158661
1803007513
1803180237
1804205548
1804657342
1804766246
1804857650
1804906881
1808824012
1809199189
1810763406
1810932748
1811998874
1813103736
1815645787
1816104829
1816294221
1816827327
1818064806
1818540077
1818670042
1819783546
1820045191
1825922602
1827384557
1827883112
1828839437
1829429476
1831300358
1831840811
1832282190
1833290770
1833496129
1834746544
1836281920
1836625763
1836921798
1837252520
1837549634
1838643441
1839843898
1839987441
1840006355
1840675298
1842535049
1842908001
1843013831
1843382940
1844325616
1844478570
1845734969
1845777120
1845859526
1846883419
1847469858
1850657797
1850898340
1851666103
1852975964
1853087893
1853706848
1854586726
1855823083
1856391327
1856435109
1857524017
1857868619
1858118537
1858243769
1858483344
1858869926
1859527011
1859626202
1859925711
1860527932
1862784689
1863645662
1864794044
1864974657
1865903626
1867817738
1869104984
1869450454
1875806164
1878116062
1880369106
1881086302
1882551796
1882683702
1883145464
1886044787
1886682694
1888176722
1889913085
1889971613
1893332366
1894202865
1894762409
1896757336
1897314804
1897674586
1898284935
1899249862
1901121514
1901891792
1903891738
1904812551
1904852896
1906184351
1906317489
1906878317
1907049958
1908710613
1909426262
1909693671
1909982284
1910334026
1910679623
1911783572
1912857158
1913552021
1915503860
1915706352
1916278207
1916846216
1917072097
1917293047
1917914238
1918026578
1918394911
1918484910
1919665557
1919700896
1919912129
1920805242
1920907009
1922065514
1924212368
1927366742
1927640108
1928783361
1929405145
1929445397
1930506770
1931150234
1931337530
1931876844
1933124935
1933513333
1934055666
1934057026
1936747686
1936804175
1939451686
1939912127
1941318762
1941570422
1942062102
1942466915
1942804740
1942843733
1942915923
1945036279
1945417746
1945470927
1945835296
1945871027
1946238132
1947720389
1948201345
1949040781
1950410177
1950784000
1951091719
1953779949
1953804462
1954186655
1956713428
1956786035
1957998032
1960513375
1960724714
1961848399
1962160847
1965486371
1965606434
1966096766
1966550027
1966679278
1966815408
1966943385
1968396526
1969139939
1970027970
1970051848
1970674278
1970735948
1971299130
1972224284
1972417041
1973081398
1973355891
1973608039
1973924282
1974438499
1975066808
1975766638
1976594927
1977121029
1977210203
1977790476
1979067649
1979089898
1979776751
1983101952
1983154833
1983776550
1984540667
1985406037
1986244081
1989547627
1990049101
1990739334
1992088974
1992704380
1995630551
1996922967
1998176731
1998409799
2000636896
2001391832
2003264700
2003295439
2004372959
2004604586
2005213320
2005803130
2006860151
2007289244
2007584546
2007613734
2008543999
2009010154
2011173347
2012341852
2012593797
2013065937
2014299328
2016669456
2018196571
2018642168
2018905311
2019751343
2020638250
2020804700
2022340969
2022743779
2024186253
2025393040
2025641496
2026226688
2027748298
2028091715
2028657557
2029095236
2029946899
2030315441
2030629526
2030828406
2031317932
2032770476
2033683395
2034867623
2039251685
2039861374
2039910415
2040262200
2041021659
2041847746
2042312940
2042436198
2043407622
2045011885
2045204915
2045781695
2046350452
2046565935
2047209272
2047845953
2047921107
2048028909
2048707626
2048906754
2048949409
2049504917
2049662953
2050293628
2050679812
2052572628
2052904062
2054084306
2054111853
2056141525
2057638118
2058922961
2060274485
2060572004
2060656209
2063143757
2063557163
2066474765
2066507801
2067548316
2068424010
2070006034
2070405170
2074136617
2075533268
2075726687
2076318228
2076587811
2076789893
2077779661
2077898298
2078053472
2079740199
2080209249
2080676639
2082568891
2083738654
2083998823
2085342746
2085817761
2086642166
2087436749
2087672290
2088565660
2088687497
2090076189
2090912883
2091769671
2092642804
2093345907
2093932503
2094396795
2095706828
2096078295
2096996158
2097120712
2097211188
2097874283
2098442633
2104435196
2105287841
2105544477
2105869873
2106109809
2107277526
2108402736
2108698325
2109229408
2112245751
2114509902
2114794374
2114967710
2114968728
2115137729
2116174339
2117344791
2117500365
2118738889
2119866016
2121917259
2122530407
2123747075
2124658087
2125251294
2125314390
2126288204
2126976646
2127809266
2127830843
2128949907
2129413391
2130417319
2130802274
2131699977
2132766371
2133177553
2134260490
2135299277
2135510035
2137158915
2138043985
2139308038
2139651951
2140888639
2140889545
2141250845
2142531982
2143233183
2144000022
2145257273
2146293796
